(
AQUA010962-PA_Anopheles_quadriannulatus:0.00627,
AGAP006079-PA_Anopheles_gambiae:0.01954,
AAEL000124-PA_Aedes_aegypti:0.78728);
